Evidence estimates:
===================
  - The evidence Z is a log-normally distributed, with location and scale parameters mu and sigma.
  - We denote this as log(Z) = mu +/- sigma.

Global evidence:
----------------

log(Z)       =  -0.124508554594206E+004 +/-   0.427804069770856E+000


Local evidences:
----------------

log(Z_1)     =  -0.129457632583318E+004 +/-   0.149676712953916E+000
log(Z_2)     =  -0.128491738348248E+004 +/-   0.169059951656623E+000
log(Z_3)     =  -0.128178401876202E+004 +/-   0.154385556639185E+000
log(Z_4)     =  -0.127691537212454E+004 +/-   0.167382843994729E+000
log(Z_5)     =  -0.127465265125686E+004 +/-   0.178062937571722E+000
log(Z_6)     =  -0.127611168137254E+004 +/-   0.429433215084802E+000
log(Z_7)     =  -0.127382082630542E+004 +/-   0.328609048612114E+000
log(Z_8)     =  -0.127321656650631E+004 +/-   0.308769758572210E+000
log(Z_9)     =  -0.127255838858328E+004 +/-   0.321998685726171E+000
log(Z_10)    =  -0.127243874119893E+004 +/-   0.300980944712131E+000
log(Z_11)    =  -0.126901321697569E+004 +/-   0.286618160261648E+000
log(Z_12)    =  -0.125579437453884E+004 +/-   0.328313611790163E+000
log(Z_13)    =  -0.125832922344949E+004 +/-   0.412969562024179E+000
log(Z_14)    =  -0.125761383132989E+004 +/-   0.380471820126592E+000
log(Z_15)    =  -0.125726702668223E+004 +/-   0.375564559244961E+000
log(Z_16)    =  -0.124508558015545E+004 +/-   0.427809582398582E+000


Run-time information:
---------------------

 ncluster:          0 /      16
 nposterior:     7211
 nequals:        1164
 ndead:          7593
 nlive:             0
 nlike:        139888
 <nlike>:        0.00   (    0.00 per slice )


Dim No.       Mean        Sigma
  1  0.221784838207578E+002 +/-   0.363051883844065E+000
-------------------------------
